21
Archaea_Candidatus_Thermoplasmatota_Thermoplasmata_Thermoplasmatales_Ferroplasmaceae_Ferroplasmaceae_Ferroplasma                      0.0000000 0.3999820 1.8001363 1.8337143 1.9670600 2.7272416 1.4234149 1.3082851 1.3559129 1.4805626 1.2055837 1.4650327 1.7378209 1.9636254 1.6889784 1.4887539 1.4338463 1.4841973 1.3578047 1.2621137 1.6315389 
Archaea_Candidatus_Thermoplasmatota_Thermoplasmata_Thermoplasmatales_Picrophilaceae_Picrophilaceae_Picrophilus                        0.3999820 0.0000000 2.0593619 1.6967351 2.1562252 2.3284054 1.3588535 1.2795725 1.3340623 1.4465721 1.0425656 1.6115007 1.9644216 1.7212079 1.5504655 1.5280428 1.5928878 1.4759607 1.3589744 1.4496314 1.4136065 
Archaea_Candidatus_Thermoplasmatota_Thermoplasmata_Thermoplasmatales_unclassified_Thermoplasmatales_unclassified_Thermoplasmatales    1.8001363 2.0593619 0.0000000 1.6238521 2.5536200 2.8945968 1.2069899 1.4485638 1.3097870 1.9661350 1.1800351 1.6135640 1.9683700 1.4176651 1.0446938 1.8199300 2.1135823 1.2576302 1.3848798 1.2856490 1.4542256 
Archaea_environmental_samples_environmental_samples_environmental_samples_environmental_samples_environmental_samples                 1.8337143 1.6967351 1.6238521 0.0000000 2.2088609 1.1263160 0.2200283 0.4562674 0.3842066 0.4269292 0.2621246 0.4413962 1.3302434 1.0978639 1.2543209 1.4825139 2.0475171 1.6226985 1.3502437 1.6551196 1.0804413 
Archaea_Euryarchaeota_Archaeoglobi_Archaeoglobales_Archaeoglobaceae_Archaeoglobaceae_Ferroglobus                                      1.9670600 2.1562252 2.5536200 2.2088609 0.0000000 2.9668835 1.3723526 1.9549035 1.6443089 1.7923033 1.4700580 1.5593339 1.6946741 1.7997050 1.9066556 2.2742097 1.9454042 2.3840349 2.2215105 2.2825988 2.0935003 
Archaea_Euryarchaeota_environmental_samples_environmental_samples_environmental_samples_environmental_samples                         2.7272416 2.3284054 2.8945968 1.1263160 2.9668835 0.0000000 1.1439433 1.1073808 1.3016505 1.1338937 1.3305944 1.3754094 2.2196467 2.4294401 2.4989409 2.1334666 2.5819556 2.2846618 1.8034150 2.2928056 1.4416878 
Archaea_Euryarchaeota_Stenosarchaea_group_Halobacteria_Halobacteriales_Haloarculaceae                                                 1.4234149 1.3588535 1.2069899 0.2200283 1.3723526 1.1439433 0.0000000 0.0942269 0.1217201 0.1804695 0.2323951 0.3022092 1.2882247 0.8035808 1.0843900 0.9255778 1.3391479 1.0873266 0.8452863 1.0365385 0.6708788 
Archaea_Euryarchaeota_Stenosarchaea_group_Halobacteria_Halobacteriales_Halobacteriaceae                                               1.3082851 1.2795725 1.4485638 0.4562674 1.9549035 1.1073808 0.0942269 0.0000000 0.1203448 0.2546011 0.2783177 0.5715642 1.2304398 1.3488297 1.2708087 1.0055746 1.5000111 1.3069465 1.0579466 1.3703286 0.8446919 
Archaea_Euryarchaeota_Stenosarchaea_group_Halobacteria_Halobacteriales_Halococcaceae_Halococcus                                       1.3559129 1.3340623 1.3097870 0.3842066 1.6443089 1.3016505 0.1217201 0.1203448 0.0000000 0.2570415 0.3127783 0.6147417 1.2991787 1.1219479 1.1304188 0.9684802 1.3084484 1.0024687 0.8067976 0.9464013 0.6803214 
Archaea_Euryarchaeota_Stenosarchaea_group_Halobacteria_Haloferacales_Haloferacaceae                                                   1.4805626 1.4465721 1.9661350 0.4269292 1.7923033 1.1338937 0.1804695 0.2546011 0.2570415 0.0000000 0.4876491 0.5981058 1.7395866 1.3075981 1.6733054 0.8796075 1.3141612 1.5046014 1.2475711 1.4393338 0.8555561 
Archaea_Euryarchaeota_Stenosarchaea_group_Halobacteria_Haloferacales_Halorubraceae                                                    1.2055837 1.0425656 1.1800351 0.2621246 1.4700580 1.3305944 0.2323951 0.2783177 0.3127783 0.4876491 0.0000000 0.2691201 1.2657612 0.7790289 1.1296362 0.9831435 1.4282814 1.0851394 0.8888125 1.1009945 0.7572372 
Archaea_Euryarchaeota_Stenosarchaea_group_Halobacteria_Natrialbales_Natrialbaceae                                                     1.4650327 1.6115007 1.6135640 0.4413962 1.5593339 1.3754094 0.3022092 0.5715642 0.6147417 0.5981058 0.2691201 0.0000000 1.3876095 0.6304528 1.2030798 1.1782094 1.5278194 1.4547768 1.2070710 1.3981836 0.9606916 
Archaea_Euryarchaeota_Stenosarchaea_group_Methanomicrobia_Methanosarcinales_Candidatus_Methanoperedenaceae_Candidatus_Methanoperedens 1.7378209 1.9644216 1.9683700 1.3302434 1.6946741 2.2196467 1.2882247 1.2304398 1.2991787 1.7395866 1.2657612 1.3876095 0.0000000 2.1348638 1.5232092 1.8346721 1.9305963 1.5581389 1.6132157 1.4453674 1.7362358 
Archaea_TACK_group_Crenarchaeota_Thermoprotei_Desulfurococcales_Desulfurococcaceae                                                    1.9636254 1.7212079 1.4176651 1.0978639 1.7997050 2.4294401 0.8035808 1.3488297 1.1219479 1.3075981 0.7790289 0.6304528 2.1348638 0.0000000 1.1311627 1.5681777 1.9661566 1.4943694 1.4572098 1.5558027 1.3055769 
Archaea_TACK_group_Crenarchaeota_Thermoprotei_Sulfolobales_Sulfolobaceae                                                              1.6889784 1.5504655 1.0446938 1.2543209 1.9066556 2.4989409 1.0843900 1.2708087 1.1304188 1.6733054 1.1296362 1.2030798 1.5232092 1.1311627 0.0000000 1.3502678 1.5786079 1.1390566 1.1216974 0.9967942 1.0449335 
Archaea_TACK_group_Crenarchaeota_Thermoprotei_Thermoproteales_Thermoproteaceae_Pyrobaculum                                            1.4887539 1.5280428 1.8199300 1.4825139 2.2742097 2.1334666 0.9255778 1.0055746 0.9684802 0.8796075 0.9831435 1.1782094 1.8346721 1.5681777 1.3502678 0.0000000 1.6749268 1.9380589 1.2915095 1.8463988 1.0367526 
Archaea_TACK_group_Thaumarchaeota_Nitrosopumilales_environmental_samples_uncultured_marine_crenarchaeote_HF4000_ANIW133M9             1.4338463 1.5928878 2.1135823 2.0475171 1.9454042 2.5819556 1.3391479 1.5000111 1.3084484 1.3141612 1.4282814 1.5278194 1.9305963 1.9661566 1.5786079 1.6749268 0.0000000 0.3369475 0.6401447 0.2579426 1.5424341 
Archaea_TACK_group_Thaumarchaeota_Nitrosopumilales_Nitrosopumilaceae_Nitrosopumilaceae                                                1.4841973 1.4759607 1.2576302 1.6226985 2.3840349 2.2846618 1.0873266 1.3069465 1.0024687 1.5046014 1.0851394 1.4547768 1.5581389 1.4943694 1.1390566 1.9380589 0.3369475 0.0000000 0.3837895 0.1403022 1.2106104 
Archaea_TACK_group_Thaumarchaeota_Nitrososphaeria_Nitrososphaerales_Nitrososphaeraceae                                                1.3578047 1.3589744 1.3848798 1.3502437 2.2215105 1.8034150 0.8452863 1.0579466 0.8067976 1.2475711 0.8888125 1.2070710 1.6132157 1.4572098 1.1216974 1.2915095 0.6401447 0.3837895 0.0000000 0.4298385 1.1089096 
Archaea_TACK_group_Thaumarchaeota_Thaumarchaeota_incertae_sedis_Thaumarchaeota_incertae_sedis_Thaumarchaeota_incertae_sedis           1.2621137 1.4496314 1.2856490 1.6551196 2.2825988 2.2928056 1.0365385 1.3703286 0.9464013 1.4393338 1.1009945 1.3981836 1.4453674 1.5558027 0.9967942 1.8463988 0.2579426 0.1403022 0.4298385 0.0000000 1.1660957 
Archaea_unclassified_Archaea_unclassified_Archaea_unclassified_Archaea_unclassified_Archaea_unclassified_Archaea                      1.6315389 1.4136065 1.4542256 1.0804413 2.0935003 1.4416878 0.6708788 0.8446919 0.6803214 0.8555561 0.7572372 0.9606916 1.7362358 1.3055769 1.0449335 1.0367526 1.5424341 1.2106104 1.1089096 1.1660957 0.0000000 
